100
2
200 100 100
2
1000000000 1000000000 1000000000
2
1000000000 100 1
2
250000001 0 1000000000
3
10000 3000 4000 5000
5
3000 100 100 100 100 100
100
1000000000 1000000000 1000000000 1000000000 1000000000 1000000000 1000000000 1000000000 1000000000 1000000000 1000000000 1000000000 1000000000 1000000000 1000000000 1000000000 1000000000 1000000000 1000000000 1000000000 1000000000 1000000000 1000000000 1000000000 1000000000 1000000000 1000000000 1000000000 1000000000 1000000000 1000000000 1000000000 1000000000 1000000000 1000000000 1000000000 1000000000 1000000000 1000000000 1000000000 1000000000 1000000000 1000000000 1000000000 1000000000 1000000000 1000000000 1000000000 1000000000 1000000000 1000000000 1000000000 1000000000 1000000000 1000000000 1000000000 1000000000 1000000000 1000000000 1000000000 1000000000 1000000000 1000000000 1000000000 1000000000 1000000000 1000000000 1000000000 1000000000 1000000000 1000000000 1000000000 1000000000 1000000000 1000000000 1000000000 1000000000 1000000000 1000000000 1000000000 1000000000 1000000000 1000000000 1000000000 1000000000 1000000000 1000000000 1000000000 1000000000 1000000000 1000000000 1000000000 1000000000 1000000000 1000000000 1000000000 1000000000 1000000000 1000000000 1000000000 1000000000
79
8939905 6091417 4264358 6737760 5207870 4680139 2850602 8554661 6913037 8687034 6973361 5819958 4620201 8350791 6139595 8715288 1656470 4420063 6937238 8659496 5559659 3218985 3386659 7118635 1811517 3629348 4284002 1941700 9897465 4907702 7859776 7183703 3706018 8795659 7072602 5870837 4850075 2905719 2728776 5620576 2924577 9589706 7947201 6492207 4971132 5674890 6370247 3029117 6263800 8348336 6018336 1644846 9200951 3018406 4696446 2203017 4628557 7657809 6593640 7179341 7994496 8015219 7492281 3447130 6058597 6158420 1398790 9167179 3872941 8569589 7291829 4205723 2451703 8077673 8791386 9826181 4562199 5226710 5629012 6368156
87
14836906 4941698 3283993 3227705 6466842 7863102 6310246 7035932 1477044 5822739 9049484 9645348 5644573 4676783 5975481 4656879 2866946 6420672 1764159 4922113 3252610 5808913 6427368 1461664 3803641 9909334 4054443 6986810 5621016 8166594 5993122 3630863 7558889 7197344 9281903 9821000 4289023 5905475 7052358 5786973 4808592 5639784 6989723 1056705 6052740 5112121 5587975 9743244 3912919 7995926 3652107 4306047 1655662 3144424 4187964 9770163 5445706 7564497 6472238 3142760 8333594 8304695 6924612 3270300 1735777 8505989 8763535 7050741 4920045 5623581 1842773 6892367 7188420 8961420 8558103 5029649 8354206 2041042 3975085 1346859 2075679 6348596 9865133 8957489 9550661 4350505 4991417 6746950
20
101050902 7166669 1630202 4493021 1859036 1894174 769559 552774 399078 337731 848691 153710 162261 524372 344916 255363 32283 167931 26799 39318 111775
20
85967207 3118241 472532 224868 106257 17057 6389 7447 1987 599 50 48 16 14 4 2 0 0 0 0 0
20
75948103 2455919 457207 256081 69290 18603 4083 2901 676 167 138 44 13 0 1 0 0 0 0 0 0
52
9474139 9832541 2977429 7332807 2943637 7868496 8572220 4986038 1605270 2347132 4211751 6347574 1654932 2550052 3282340 2149760 8066575 8361127 1487325 8739480 7621157 8529994 2041927 2650952 7505750 6916544 3627272 5641150 7676962 4357521 6429906 4586656 3251944 9944352 4089666 1056085 9758581 6625448 9909620 3221371 7596525 4532400 5730269 3582593 5234285 8444462 9057781 2513361 9590085 2881148 2674250 1305065 8947055
20
111959062 4613711 9730644 3858689 5380835 1665979 9204630 9192379 1429154 7407268 1273704 7826850 7567530 4858291 3651279 2375605 5139939 6527634 8224979 1462934 3526503
20
98564222 3906275 3240869 523579 2076198 458437 1444507 839639 435605 107750 121511 112688 349638 125537 262588 220946 134198 113527 92936 73564 7981
20
50113159 560375 196521 47340 17938 3983 1482 334 32 12 1 0 0 0 0 0 0 0 0 0 0
20
74259951 2261810 626269 166152 9591 9453 1587 218 177 11 15 4 1 0 0 0 0 0 0 0 0
20
121938112 5334719 9368394 7430433 6080365 9848141 1096728 5979052 7012389 2005570 3635646 9916008 6440687 5933517 8088688 9611160 6970058 3187021 5482085 1487065 6391041
20
97519890 4800313 551594 1486836 145715 113656 103748 48587 52550 53835 8178 3755 16313 6224 3269 2964 1305 411 473 180 188
20
103659069 3788169 1066427 4552053 2570919 2745968 714093 248549 180180 977059 818816 656706 245897 396773 174761 174279 77170 207238 173218 41311 48793
20
109968956 6247740 1364948 1401558 611852 870688 1296048 206326 237356 541459 536235 162993 190046 172322 131957 31224 95491 35963 32415 42956 31755
20
111105253 5440863 2376503 1716159 2263382 1214644 586933 402183 59319 162279 226236 187031 57869 89779 7452 24345 10308 19421 3353 3195 5229
67
105441631 5627881 9566624 6215314 6263197 7834047 9929342 3188458 1853150 6201650 1281009 8695185 7893792 7092809 6588023 1256844 7499351 8774158 3141964 2469541 6674649 7449690 7637931 9029252 4249438 1818269 7933987 7592597 4396993 3829827 6684929 6131312 1529414 4632304 1361654 9931753 6354082 1333270 5695842 1693542 8888821 6617263 1752052 9218987 7410121 5087435 5649262 3670014 3086367 3949103 1649121 1830702 3800415 1121201 2965102 6494030 6680745 8020574 4757166 6035871 1018815 3078064 2949263 6263800 9596617 8165530 8914385 2511838
20
113352975 6444309 3715747 898780 2762022 1922195 1230230 1112060 965061 471701 352090 932891 97408 642733 90584 322763 390274 286084 174065 168236 178804
20
98796649 967008 1059511 1052063 472866 239874 116531 75020 13577 12412 1256 2865 674 363 515 36 43 69 4 8 1
20
107701810 3333894 7074156 6002549 6120012 2116209 4065941 2193217 2250505 2589871 611732 764994 3105309 3220282 1792597 613096 1726931 1065339 1291322 762852 1635351
20
85128452 2719669 850709 68245 22778 17955 1369 1941 461 130 7 14 4 1 0 0 0 0 0 0 0
20
109201073 2211980 2942805 5252079 1196133 3196223 1532707 2381306 2200133 1375744 1191667 758000 688967 541009 252891 104763 409184 46257 198394 61894 233796
86
9239250 7387981 1764907 8452392 5046235 8625359 1376254 7591090 1791533 2889431 5777041 7727779 8662964 4421224 5743948 3651687 8197353 5036916 2357154 2164642 6016411 3875060 8468716 1190502 9608825 5849494 7996647 6360511 6049367 2434452 4447594 2608515 7655691 9002359 2918457 2497795 5806637 6235194 8753124 9995547 9844320 3083056 1192576 2333958 3824389 2512155 5638522 7709844 1687901 1538635 9736683 4065558 2785793 2059883 6021667 8860809 6802384 6761199 8376427 7976882 9385578 4924938 8669972 6594183 6834449 8072584 4706644 7450705 5928791 3427202 2522875 4589369 7721766 6464655 4107760 9357122 9588313 1070605 7990236 3879808 9811622 5780997 5649431 4430557 9531187 9566195 9882822
20
103307548 3015974 3177806 3395408 6849137 4226198 4427336 5216060 5192954 5761644 5800824 2804176 3647337 4267096 2347010 7544073 4375677 8060641 7219368 6005199 7007130
20
107036102 8934418 4601044 3080386 2153375 4749798 6251248 2755674 1599040 3527817 3927118 3978389 1071086 3577683 515323 2978993 1935606 635612 2087911 751087 1118612
73
7401333 2371257 8555016 2751766 9795218 8687692 1149382 8449740 9542826 4571023 7235084 4405352 6235894 9896808 8553338 8042621 1288243 2755415 7224437 5941331 7678810 5799754 1909427 6835911 2262555 5437289 7959494 8284535 5485374 7147496 5057786 2952234 8440523 7118715 3353192 3630069 5954642 3962126 4692061 6460173 2242881 2041669 5558726 7101232 4124075 7378248 7136520 9467470 2479587 1367862 1938101 8009880 7060137 2134980 3731278 1063366 2726830 6578668 9763369 7848023 2744499 1070694 3853742 3540714 6400856 9183837 5756380 2985183 1677067 5818604 5263437 3700593 2050411 5108857
20
94483912 2278915 1089589 758566 91083 208011 64919 6763 20374 2417 5192 924 1189 431 113 28 34 14 3 4 2
62
15057670 3254800 4831472 9835846 5456711 8907579 5667147 2170679 4232935 2091340 9200849 5893373 3444285 5158233 5730686 2669182 2034502 6503454 6720290 9581793 8125025 9477215 5460879 7667532 7018144 9136433 7436907 2608738 4642025 5268027 3961106 2357861 6381735 4241943 8169184 2073566 3522047 5339684 2384750 5382979 2484164 9126399 2748173 5311035 7746576 2802782 3377624 4850628 3403649 6073752 6666206 3560665 5020270 6831801 5259284 6998186 7297212 4528045 6928481 9360037 5959639 7512062 6662055
93
7265381 4806413 3405057 1321191 7945026 8824417 1133738 2454174 4053173 1251306 6824251 7724348 5406153 9034106 9690884 4537915 6261216 1646560 2300014 4361486 6086997 2627655 9365379 9013740 4747103 7284853 9262643 4045929 1755862 2585675 8060055 8771694 7958312 8065089 3254577 2069400 1112637 2526740 8099242 9894072 1939160 5414019 7125824 8773633 6320790 1134968 5363596 6090856 9311137 7164585 2504226 4851371 5641035 2986624 3504074 6893334 2085160 9559868 5614105 9408275 8996796 3848596 4735261 4719120 2292186 6658548 6888692 7760826 2693000 8131477 7835851 2538206 5232857 1682574 7248975 3696802 1816997 2717765 5541114 2702871 4775601 4283283 7624032 8294480 2531804 6183166 1866398 2325343 6341380 2229367 3687511 9669748 7065116 8215606
20
94937694 3283454 959987 688121 72021 18921 11952 3684 4060 1878 1330 453 179 35 20 5 6 0 1 0 0
20
69330832 2415832 481787 136827 43184 3592 866 776 167 64 16 0 1 0 0 0 0 0 0 0 0
98
11102183 9350365 7106725 9532521 8174486 8163708 1380670 1198210 3382674 5119478 7744603 3603674 8078078 2383992 6321062 5116247 8044152 8947740 3233248 9941272 3144103 6443519 2764858 7922887 6284638 9070642 3560605 4677679 2110231 1434843 1680797 5803524 1914321 7618066 9435944 1693932 7817288 2384532 7669992 7701945 4428771 2141458 5717353 5924026 9916547 6572612 3481694 1908436 6521125 3299266 3982159 7645599 6815772 8080626 6054392 2454022 2512230 7436048 9861368 4400291 5258250 5677295 3020835 1762912 6048971 9265502 1182111 4654882 1874075 2354015 2671175 5282228 5147820 8314250 6361883 1263723 8028469 1839904 8424423 7304750 2585197 6989540 9006327 4152875 4451670 1194554 7469448 5599433 9946796 5310001 1003192 9628574 3797124 4531274 2403246 7882193 9520800 7911223 1828012
20
89223190 3513952 373591 338109 124541 33320 17380 4518 2584 899 272 114 7 3 2 0 0 0 0 0 0
20
86003606 5353944 1843209 7436993 868132 928401 5665486 5538324 1956196 4430413 2030258 2844204 974710 1271631 466235 787472 749832 2573861 294636 300247 519889
57
12746167 7618194 4665654 7396891 1633448 6947095 1419547 7918205 2045778 3860735 3851392 9472226 9201117 5659769 3771492 4725297 9010498 3966762 1543827 5050385 4918538 2023728 2449497 9497802 4538057 4889008 8258268 4717498 8208800 3445761 2757402 8898629 9261115 8712086 3530729 9744263 7261179 5611746 2761834 6881594 1582303 2852663 3747379 2013962 7627302 9392782 8243864 3914531 2617298 7831379 5354866 6107960 4167180 5885612 9879048 7374122 3299926 2126071
54
10445921 4570901 5630417 1401786 7377747 4299942 1508798 8187012 3984331 6013041 7771146 4308951 7302911 9336392 3553354 3857651 3117001 4376052 2904258 8330255 3112824 8500978 3685409 9047111 9288227 5168639 8419720 9631794 2455740 7111597 7355052 6719841 9694410 3080620 8785504 7532519 1063249 7030775 3330339 5106859 2631806 3846072 7907386 8462530 9415787 6011631 8451466 3731966 4241419 5929388 2276523 5653811 4577106 9400386 8140008
71
17253105 8825466 5307718 4089412 2782155 9503682 9451974 4407523 5204606 7711979 2179090 1326132 3278456 3974715 4524274 8260866 1615322 6946180 3955084 4177216 3699966 7360383 9512594 2089370 4600148 3747889 6426064 9747540 7864069 2872899 2023561 9365512 8263592 5019309 6388914 2464715 7057322 6930722 4379769 9905023 3370351 5155678 7961947 6741513 7261374 4552818 6804253 4116411 4440838 4691391 8357786 1566763 5613379 5455991 2177855 6154543 5815721 3081473 1137389 3884202 6905918 3669943 9583355 4034845 2904074 3950552 2085421 1779523 5243114 1661455 5696291 6401967
20
102399134 4489692 4944283 4354977 5986058 1812696 1432399 3399079 818104 617016 1391752 2629035 2217408 890389 844104 922074 278422 866300 955625 486193 279062
76
10079578 4662042 2426646 2482241 6347543 9764205 9677988 4591271 7822022 5442411 7772052 1390195 2976143 7071229 3849618 7280527 8378163 1125832 9957960 3720455 5730739 3804099 1102786 2932596 5464151 5608299 3057714 3759079 5325841 8175881 4595581 7630629 3662571 1166336 3133466 4653052 1984196 7918023 7629312 7549578 4395118 1822766 2006563 3647343 2090273 6141892 2886976 6798254 3436488 5172087 6385361 8026605 7907182 8681929 7927691 8427611 6633803 2028511 1719815 5398966 8416299 1994356 4603090 5333918 8336086 1800580 2701833 1534560 3594189 8121258 5316421 9752924 5291513 7397937 8777641 2826727 7002225
59
6335468 4691337 3922961 1280197 4109562 3846095 7087442 2747180 1374863 9507223 3607652 1790576 2111577 8670005 2914473 3403424 3659574 6917092 6624995 5201817 6286175 6168565 7666692 8974074 2288486 2366569 2567679 6994234 4408841 1912552 5563922 6872214 2238054 6215291 7181993 1111907 5035266 3242600 1716772 3181632 3538946 5378619 7869877 3660983 7997644 5062997 2237092 6616708 9696819 4908933 2017820 6998462 2191640 8624522 9444273 5376860 6066303 6948129 6763434 7849777
96
5241951 1399789 3970718 9759712 3696792 4315382 2629334 9434756 8699233 5699961 6380857 7220078 6078146 2493725 6236448 8832734 5308447 8163965 8592798 5238640 6109195 5271488 4622774 1075552 9980270 2201724 4723532 2433429 2349358 2778570 3524964 9274476 8937906 5173826 7101206 1315318 8660612 7167725 3325306 5784907 1491821 4677863 9380984 7529645 7892084 9114544 2247626 3732932 6579837 3364911 2955396 6379508 3556675 3619106 5713705 5373755 9122495 7658491 4919019 8468529 2723745 4468719 4880333 8423104 5037899 8303409 7449557 2771063 9407920 1634549 6845353 2947645 3429727 1419221 9010126 6280068 7553745 6909497 1417902 2219057 6062543 7055566 8842756 5539647 1074969 6094452 3896404 8894382 3111072 2445189 4687948 1901887 7553170 2259243 4878461 5120029 4457765
68
14792073 8075165 7632144 7651875 9559190 1928122 2320170 2889928 7648191 8935272 1554210 7451966 1987343 9007723 3308069 6013192 2680990 4554983 6045429 4799394 3575828 9396672 5342377 3235246 5590126 4603602 1628580 7365782 2158156 5302162 1667964 9555336 8830469 8905845 3222471 8328633 8298797 9783285 5000379 5548589 3532716 4812266 3772654 1990195 7090146 7029782 6216890 5968898 9639286 2484421 2483324 8941958 1774310 7384778 8413050 2107084 7046469 2888988 5673761 1426207 5403891 9832708 3728049 8727250 5519765 1048757 8800595 3419812 9493562
76
16458961 4294091 4382145 8326265 1702594 6650581 6075936 4340044 1042060 9763379 5818991 7903246 6865901 2253304 5485406 2544572 7789632 7859479 9500461 4916056 5157859 5327555 7185150 6273060 8819179 8062236 5404781 1528989 1588741 3433278 1741964 2441381 7562305 5220835 3188997 4601478 8790997 5246474 2249315 3868610 2380360 9572690 7954569 3539771 4478258 4491807 7793135 5155176 3480856 8224060 3401770 3195878 1837281 2530337 9412423 3890189 9827149 4103065 2755664 5114525 7696099 5309480 6577325 8286545 9221418 7982467 8152219 7423662 7863917 1108749 8194138 9164994 5812378 5720793 5669789 1278411 9206770
58
21652450 5481702 6246962 1772456 4123952 9209896 9224128 9092826 9587798 9780918 6686392 1657957 6849442 7496146 3982587 9820211 5925361 1888367 3220379 9587595 3735806 1286914 8961573 2276533 5999195 5180620 8015224 6301635 7426000 3172352 4505547 3457865 7508885 3154281 6326599 4238859 2879412 2984687 4074398 5865417 6862557 6139007 8542150 4755031 6756154 8917732 5123914 8560233 3362385 3416960 8133655 3965929 2726548 1896084 1485347 6216793 9736602 4637239 6345384
20
125270184 5587252 3251671 2400928 1743989 1253284 423505 160541 152650 184848 195646 185384 77895 98853 42950 40052 25255 22933 6153 2366 6759
20
126971226 1611563 1796880 186109 357776 209155 112428 35065 22892 6598 5173 1207 768 598 270 87 55 3 5 1 3
85
201502827 6329882 4053391 4308037 9805593 3832599 7155210 9146628 2171451 4978248 3285997 2797127 9292605 2709096 8114878 4127888 5272569 9091284 4144860 3277369 9731511 6121687 5537412 4119792 2532858 6483424 8724421 4209233 4523468 1932017 5260552 7983292 4784041 6910348 8490469 8219451 6132797 7940080 4468500 5548113 9508933 1526584 9351106 6021433 8585307 7656158 7376056 3104307 5635057 4999862 2940574 5889305 4444996 4664752 6184989 9418300 6176797 8522569 3702007 1690087 6588524 9665874 5761545 5939544 6937539 9127165 1736938 5020817 1123435 1068514 2763638 1112447 7905476 2207603 4839823 3989689 7495213 7253570 8223443 6427307 8568431 5632843 7755091 4453799 3630979 4704959
20
129661069 4817539 2735450 2473719 1506472 1290209 1110363 684108 241320 271996 100859 74654 105771 62622 62922 40201 18554 17549 7485 7654 2698
20
111290378 4286101 2880693 4887732 5423581 6821769 5141835 1053767 6290343 7162237 8069959 6650759 4277155 8429481 5680475 7222542 5936712 5256940 4599110 3632559 1285287
54
5698046 1031177 7977583 5241164 7100653 2886591 5982299 4647359 7039198 8450040 8964305 3705085 2259335 6262749 6485435 3983112 8435075 9400547 3052518 9126842 9198644 2252778 7588544 8894309 9062580 2325521 5563853 1996746 8114835 9406990 1812007 7028168 8262965 3637438 2533845 8713768 1944844 3812882 9307824 4681344 5705727 2115575 3382687 5836231 8107357 6156819 7566506 4269520 3656121 5566175 4582567 5500353 1878435 1477196 1107251
20
116219519 2829392 242615 221283 439895 123350 49130 8789 18760 5377 3521 1704 636 337 141 46 43 15 10 1 2
52
8216915 2622693 6673127 6634525 8194559 6756348 8794074 9649580 4733244 4710603 9248155 2163327 3873117 2889996 3834313 1129948 6332046 9276173 4328083 5897648 8986109 2000657 8421731 5289777 4800581 8667176 1873818 2817476 2757732 9437084 5777582 8122490 9089783 3889384 2764389 6007045 6898717 9028785 1167153 5873849 2838262 9413950 8265677 1699030 5404989 7666667 4755078 4288344 4979936 1971729 8903647 8592241 6471743
20
131836176 5399410 2901664 1543801 732569 277900 224351 33328 123722 78151 40368 24120 17177 8719 2395 3912 334 521 843 487 254
20
127391081 3957627 2581730 1791356 1826956 4879375 612989 2364577 1827796 2493343 1585258 1987479 1811698 1561067 1004451 985476 733040 692915 284944 705708 348747
20
57396781 265516 118828 90418 18667 3866 202 109 69 16 3 1 0 0 0 0 0 0 0 0 0
92
8204421 5076709 7345523 7626943 8588795 6715984 7233363 2213462 3622724 1203026 1175161 2339638 3299934 6267195 2655463 9209226 8110941 8507138 7690319 1108539 7875055 7209172 8143843 6898285 6632162 3553161 7352464 8705544 2973039 3693576 7956722 5730264 1438514 4145765 7610780 7107810 6209181 1668210 6929267 8324046 6384931 7467406 5444109 1795368 2452795 7709111 1955134 5767621 1641352 3035988 5245642 2727648 6478603 6796573 3481097 8791189 9361112 3057494 6292007 7464942 8609428 1519370 4920795 4343571 4808007 6953008 7657151 3059759 5000936 8559147 2400394 1280617 4539630 9007245 1085292 2327327 4133684 6853271 6944543 6014527 5856085 1194309 6382207 9786153 2940456 2239069 1862288 4963962 2139272 7503895 2194468 3737057 9715127
20
121443706 6330187 2985758 1414746 2133493 849912 722411 368951 438394 214250 43924 104252 47405 12158 54669 28925 14647 13690 12457 4228 3021
20
104452628 2503608 1994212 547121 563056 391238 59026 29380 92600 48643 24476 14522 2265 2910 519 1507 373 211 35 35 39
20
111300236 4789924 1872484 845100 191279 243545 24825 19311 19899 6930 4631 1487 914 73 49 115 20 28 12 3 3
96
68564199 2943066 5255517 8987626 2975932 5597070 3616337 7652035 9029070 5424661 9552557 3765928 5713697 6909137 4314094 2375208 8261105 1022490 5622291 2807727 5715682 9181573 7718192 5627110 1117180 1525500 6591931 2493715 1598853 9702215 3116109 5497990 1586393 8621632 8209012 9190294 9115194 8070255 6423669 7085544 2794904 6529208 4616709 8042482 5468763 3395887 6448308 4132260 4862974 9773059 5426963 4094962 3710422 4842776 8448314 3029200 6552887 1295537 6123860 4335851 6607057 5841488 6819738 7237422 6540498 3660666 8417587 6150307 5936856 9222859 4727374 3305831 8673680 5883517 6996213 7637317 6695249 5085553 4363418 5248888 6866101 2266028 2637428 8996643 4643709 2400550 6819337 7761899 5242522 1642567 3923131 7801731 2518845 6611211 6615903 8787520 7001624
20
110001379 6525535 5752845 1177888 2972807 1097769 2470917 2292796 2166125 740951 1316899 694152 1327810 130249 279949 416966 431539 337567 512672 281084 56791
20
105923028 3279297 2448969 1037147 2134803 3379854 2315218 1548909 771604 735730 430168 216635 272428 500266 403844 250406 210713 256877 49529 70897 22530
75
5734137 3674814 3261131 2783648 9104420 3722699 5924651 1739145 5458293 6141772 5980077 3690676 2600301 7735226 4590825 7203646 8252722 1058554 1574828 1595532 6449175 6326666 1923506 7389345 9459524 7679411 2934697 9594639 5024080 5852293 9767652 6041977 8391988 6105300 2990464 3624642 1160698 1914420 3970424 1974657 3186958 2705641 4535179 9316650 2965743 7213736 1085529 6504230 5860301 9747514 3430725 4521473 2411970 9974653 5365234 7856496 1411390 3240689 1064804 1793301 7637518 5544999 4208810 9323298 8062226 6016176 5474276 7380633 7901504 2438074 7693005 9854561 2566540 5418965 9743633 6970483
67
17838811 1159763 8731246 4648740 1425764 1803633 8452292 2229290 3159714 1180957 8652998 9749433 9424295 7565302 4730240 6814458 8195041 3793669 8689272 2741164 9025303 2933529 7592883 8725491 9744414 5729729 5402774 8648306 7102902 9399916 6799543 6851827 4040211 7544302 7180338 6883844 1815251 3346104 2580212 9924297 2165248 3197976 3509928 3135695 9102377 5423435 8724237 6805978 6532131 8048815 6791072 7118726 3888915 2113263 4366788 7776525 9632639 1068338 9043134 9347336 2623860 4227287 9677260 7579804 5488931 3588122 4089399 3556262
87
4828763 4274796 1418644 1019598 5320468 4142294 3183255 5524541 1556090 3355386 1703066 2819944 9395450 9204842 8369197 8027496 6142331 3123619 3896566 6800490 8270766 2210304 8513683 2530270 9786403 6231527 1915638 9217739 7726803 2084816 4113488 8249085 8498376 6099939 6737260 2318757 6097143 8383905 8531772 3599531 3391113 2527862 7904732 5420908 7334463 5776970 3748295 2888245 4137745 1901604 1391049 1021936 3447135 7821459 5743901 6046534 9574121 8754369 5452639 6759696 8089372 9856115 3878925 3993939 5950788 8794969 6659190 1330640 6705840 8875237 2707688 1935492 5620597 3797320 1102482 3323938 5644472 2651136 2623686 6941219 7406629 3912460 4112723 6376909 7255580 6134470 6709586 4244707
73
173999820 5884757 5907024 8126934 5653251 1557869 4314874 9415101 7376052 5715472 8716691 3222653 1884019 5990388 9832484 4209460 2876096 3551987 2179364 1557025 3596793 4214964 8416427 8104666 1314389 7389254 9683295 1867910 1069996 5233216 1512661 8736075 1638196 3554163 8661882 8860509 1690249 9193149 2490808 1108185 3666058 4247747 6694658 7938788 9961805 2558273 3871699 3428264 1376630 8010673 9453469 3541706 9598598 8097317 2072017 7648259 7411772 2583977 6941225 8551607 5807187 3658112 6817019 1492669 6765258 5990898 4854353 5992688 1408741 3535685 9186276 7984715 4258836 3104526
58
25763281 8374728 6169681 9125978 1008693 3425567 5711437 7980357 7442073 1928864 4762576 5020025 3916602 8948446 7243601 8513224 7669635 7879900 4275266 9711787 5760885 7832619 7060991 5671031 3850159 2989681 8006690 9611764 7135971 3205228 4989851 3869449 7593050 8327059 2094681 1629241 8317539 9166756 6632547 2421110 4322069 6356766 4076445 3200806 1810806 6420923 6106337 9847666 8721361 9306736 6026417 4948974 1758554 4289592 4484917 9321990 9980448 6343536 3212627
20
112840906 1001677 1137475 782732 918000 394739 356149 202250 85179 75948 28991 20018 3771 3343 657 2707 445 353 420 216 107
89
22093348 5129047 4970920 3079618 9775227 5839357 5506951 7594366 1333256 9937031 7713704 7260769 8745228 5042598 6748901 1222085 7666768 2231305 2100309 5532381 8015001 8487540 3620293 3445380 6138771 4433770 4726384 9536025 9291679 3254082 5306497 2740287 4527858 2996285 8618292 6857449 2260326 1666351 7127529 8388183 4277954 5026563 5576115 5272166 7383326 2217258 3217014 3590160 9769797 1005648 1497700 3568496 5266088 6206341 2568886 2364094 7176664 6974928 2280908 1798217 2795502 1745408 3030460 4345232 4221378 2233757 8002249 5887083 1916983 3226122 9547922 7224776 4443699 9208627 1524347 4933190 4016261 9629618 7870051 9512756 1637257 6200557 4498870 9019678 7814788 9645626 2354520 7898550 6537469 4333533
20
113894821 3490149 5957868 4959521 1193015 3158929 674576 1902873 537642 905776 884628 142734 484036 86426 335307 159688 173116 140544 58291 85101 56359
68
319992832 5051347 2558008 4173591 7222157 2159777 2892637 1520772 9577573 7597749 9458903 8412676 9182674 7315362 8583232 5217326 4467069 9901742 8630298 7938293 9543932 3101203 2367557 1701103 5535220 4241585 9446838 4485573 9597768 5351598 9849508 4718768 9651326 3479184 7821698 7259628 9376374 2348059 7366536 4940724 2274270 8037001 7445593 7858026 3232571 5429101 4498947 7221480 3737609 7627160 7011060 9206650 6451188 6225694 7020803 4273866 2846192 7477632 9917936 2245091 2305432 3715954 4028779 3408014 4090755 6784922 1179769 8507127 1148919
55
7962520 1121371 1626358 2957658 1606202 4603449 6367157 6570243 4350298 8493070 2819413 8010240 9753395 3241354 7502849 2201124 7414871 7324337 1445075 8046855 5027971 2114986 1207132 7410839 9792135 3007274 6046249 6676747 9631784 3458557 6150107 8743468 8751519 6232165 6777077 6969051 1599750 4186813 9512864 1876874 9333907 5276848 5218837 3374247 7198440 7872953 5150727 5310122 7145366 3530734 9506792 6083609 8566281 4600647 9802245 7230278
20
87709666 858080 734766 447985 490489 351022 273095 261210 41997 92929 23714 32026 13307 7018 4408 1905 528 1042 425 256 370
51
8189119 2905383 8705214 4809057 8157428 7365025 6173887 7245355 2033521 6579415 2204519 8888725 9641289 3004847 9859719 9434028 3920387 2344737 6979980 2098712 6886902 2370835 8853514 9537760 7431849 9350499 7812055 9497206 7964633 3295860 6459059 5184774 3383564 9548823 5738214 2561198 6541701 2299879 2450597 2550523 7351068 8822958 6605845 2374190 8145726 1486017 5144040 5995970 3092507 2354496 3032845 4978354
20
99454060 2909431 997690 186420 62816 180144 33537 34595 13987 7262 1923 551 383 242 186 67 30 14 4 1 0
63
62733945 2539458 3511203 5233172 8148274 7797255 1238956 4921323 4396467 6736479 1524681 3557495 4489326 7649403 4835106 4011790 6641736 6306969 1624239 1254167 9688728 9734439 4524946 8585209 3291898 5427576 1178534 8495810 9557355 2853162 4252875 5466609 9393714 8437964 5415211 5699648 5838098 3217861 8855861 4007744 1198975 7990325 9760405 1807577 5176094 2247247 4764436 3167801 4229246 3897311 8819082 7872742 2519204 8351955 5605041 5011046 2523418 2301284 8890300 8464461 9881514 2654749 6958114 7126077
73
211941489 7806261 7593330 4576768 9887106 9393180 5715166 2839930 5285024 8907166 9181568 1265716 8519041 6344487 9519857 6867685 1040457 1451990 1120964 5262953 8267727 6148463 1981434 5655656 7623162 5789876 6268584 1615406 4358315 4640809 3865333 2285335 9246502 9094451 9513288 3482592 4655508 5536763 6905763 2499662 8502987 9105557 2783278 8029050 6231812 3565915 6116099 9351850 5692089 3362269 7636923 2617113 5303119 2345406 4952437 5543433 9019313 4532707 7222492 7643227 8324570 5600806 2651938 4539377 1230289 7788086 7998110 5831689 3063357 8871553 6365137 5501240 8213584 8492200
58
7815967 7560113 3222014 8054339 1144760 7342124 2394545 8139626 8633900 2431315 5550920 7654638 5413116 4810828 6873281 7955471 1625410 4034375 2224345 1168361 7393545 5388004 6164480 4943627 1860379 7423965 8313034 3382131 4422238 5419796 7521410 7219254 2206578 2682234 9269689 7079188 7901687 9573363 1212653 9252737 7366537 1126914 5830059 5153217 2991974 3907345 7474052 8174874 1426694 9719128 9010646 9879009 1233198 6068512 1566944 6115697 5019906 5477856 7458328
20
51547019 600078 221976 64679 6115 623 432 109 20 1 1 0 0 0 0 0 0 0 0 0 0
91
139430935 1130451 3239901 1185158 4301766 1199525 9288714 9759729 1383049 5290766 6327540 8757861 4352705 7183561 8634992 9449514 1599073 1813862 8000323 5089126 4903177 4801229 6027591 7347124 9129069 2155543 8716070 8178796 1796572 6954431 5831999 4476992 4403995 1574154 9236904 9952596 4326568 2395223 8095036 1224652 7623506 5163719 5267495 2071723 3578624 5153325 8439728 7527310 6034876 8150817 6053939 3105580 8185203 3816037 7264933 9316149 2725866 3145804 1508676 7938616 3478977 4277307 4958435 7713879 7058905 7191945 5470790 5919566 5536289 8803305 7302699 5810055 6059077 5566442 6266134 9691249 1816206 6690923 5792941 2922404 2264543 3353398 4868939 4069868 8819122 3126846 5620231 6602111 6385488 3861432 2662909 1822018
83
22174613 7311927 8900862 3042084 1202003 2905562 9170129 8646978 9876123 9931869 7947125 4525019 9414070 6967838 2260217 6899016 5654040 2867064 7961746 1585305 5743584 6180970 8714819 6032070 2111285 4489333 4716861 3844007 1653786 8824584 9734524 6950283 1065305 6287518 7672592 9174690 4517859 6552259 2425904 4172131 6437078 1719805 6597539 9762960 5097129 8144862 7317011 3308570 7509292 5272586 9199088 7048382 6617215 6582858 6882961 7771605 7830177 7209356 2488361 6422305 4735370 1736104 2549555 2703219 4374946 1780009 5732248 2276229 1028716 4802613 2375875 3752000 1030197 1158522 6258341 5039535 9790193 7360956 2651716 4730144 2131016 7692455 3602131 5811436
20
116396315 4488603 1480137 498348 1192657 583689 153453 134111 387553 287798 96473 67054 42518 35103 40689 26238 15693 12400 7553 2179 3979
77
43035097 9398772 6607391 4193256 2300852 3330698 4924616 7259596 7532645 1587069 7472552 1431415 4293343 1328271 1354468 1286162 2842085 8577089 1157578 5995840 6070015 8398727 9192326 1460105 7318424 1351957 6386034 3231216 3861514 1900155 6931059 5972941 5850738 6376761 5304821 5210110 6326248 1994837 4292647 1791021 4196967 1807357 5976884 4788064 9623128 2703078 6224683 6757046 4770386 2652576 9421304 9980062 1860619 5193770 9481983 4760986 9765358 3323106 2711138 4690479 4765770 9055589 6383203 6486336 8687032 8650746 9185955 8353359 4919066 1313816 5874689 4492347 6781288 5187914 5265670 7631744 6998758 7681817
87
17834053 1387748 4905147 3348630 3232426 1135666 5559877 3185601 3572585 7078522 5768222 2147814 5662522 2410120 9446374 2089329 3040754 7771998 2667670 5132480 9984196 7627794 6676905 1425914 6852877 6554600 3169839 1804881 7011846 1963058 7668350 5244619 1511640 3141271 2037048 9163516 3156075 7405077 3457354 9984129 4478242 8627454 1768577 2100692 1142013 9503040 2610423 9052145 4910142 6657898 9442494 6290715 6950561 8344423 3059599 9559571 6930738 6664022 7878172 1566437 6869897 8247378 5337400 6996914 2803750 7631995 2536775 2588529 5352677 9825829 9899425 5168266 8906988 7942708 6572592 6633264 1330965 2529531 5937383 9175176 9489590 9307276 2502202 8184935 4932121 8530538 2089845 6870354
20
70880774 2961594 303118 141949 23722 17373 7591 1438 545 114 38 4 6 1 0 0 0 0 0 0 0
20
101405515 4631825 509504 1011962 183881 249963 42430 7256 30390 2021 6575 2026 1402 188 99 68 51 8 6 8 6
20
111516512 5914593 4862029 4178899 2692333 884723 4510787 3198919 2719625 2804635 2573410 1943122 642558 633892 703102 1600143 461205 476348 422576 713965 623228
71
15240398 9027015 5038315 2863897 3147699 7693552 2668589 9088092 6105398 9197047 4785950 1089021 4245320 5994882 7332931 6349003 5379750 5932852 7728049 8779259 8586340 6623071 4094999 4409540 1188557 8269403 7718259 2774446 6001639 5319935 3613525 5214682 7852869 1644882 3397068 3621264 5002250 1821515 5169246 4498408 6131359 8879112 6697175 1286058 9026905 4315756 5269181 5573055 8534044 5668562 7819764 3201868 3711257 3727595 1997359 4007123 9569551 2679927 9711263 5119788 6761629 6321643 8891578 8013714 1337440 2762873 7378551 8463352 1389798 9001268 5807218 3036971
94
46940150 1375306 4914817 4838002 4722604 7679873 1045021 4775801 5861294 7716573 1388809 3282873 7275031 9843157 5354341 1115383 1771794 8214449 8806349 8747879 9368850 6557150 5321748 9608321 6399069 7679558 4082547 8153651 1202104 4666636 3928278 2839873 5111110 8712659 5439491 8190136 5150083 7138244 9385725 9736581 7043485 6442039 8443114 3478294 5469431 3471825 3429607 7415717 7260864 9835531 1078408 4280067 2002925 2590201 8802554 3261353 1472361 5869755 6375653 1792299 2077833 4403530 8412181 3878001 3116426 7003146 3966871 4106843 9313512 4658623 8598178 9659760 1850162 5759764 6548307 4527574 2786951 5214104 8644674 4684511 1044801 5275507 1044593 3860275 6890265 9322322 6420010 7773881 5417587 8880022 5383029 1734228 5192074 8626358 7984459
20
73819941 513853 726709 120602 47190 41499 22074 4060 1658 505 164 38 35 10 1 1 1 0 0 0 0
56
26367713 5509004 6923744 7214537 1494130 4849700 4995729 8551532 3636960 8757429 5758373 2917760 2410293 4418165 6788835 8292706 6932878 3213857 6220382 5777558 3833010 2523821 3053852 9383991 4937967 3937502 5844435 4236858 2780584 1789271 8005206 5537878 2581900 3129088 7906173 2844231 5689109 4661486 8418116 3947148 2795531 4619014 7164640 2452386 5395146 8090614 5460321 7041893 6153224 8717455 3449690 5442986 3297856 2956529 2594364 4369848 5332045
20
101741017 1862922 3033781 3931183 3229433 1684449 634141 925570 1192710 227154 289400 483537 454027 280144 329569 61452 42980 79498 16141 22807 62351
81
8535452 1992997 3960432 5270197 9139549 2110525 1153167 1213274 1244811 4755990 1091161 4493376 5032908 3889100 9934890 5397562 1134601 6330754 6297985 9232086 5643635 5999014 8664231 3665024 2670401 8568598 3629574 4220080 4533358 7090740 2454713 7987940 7261481 7880459 2614466 3277199 1265172 7582529 1510554 5376958 7803363 4600695 7448611 9149387 9924045 6993815 5426287 7708253 6153412 5305978 9008948 2369675 9961546 4246310 6397308 7889194 7657579 6173158 3725146 3779488 6514031 9931977 8937449 5521873 6096964 3381414 5154750 6097215 1306413 8990424 8233844 2179305 9957916 2297901 8291714 7057670 1550837 2962845 4709977 4832844 6527902 7240487
20
82316605 3761362 3085583 1773419 1834728 401817 1370934 293075 1747286 411341 188671 1167073 369791 249645 84017 482878 70528 116666 151770 85439 189326
