100
2
200 100 100
2
1000000000 1000000000 1000000000
2
1000000000 100 1
2
250000001 0 1000000000
2
7572010 8841340 7929552
2
10447253 2158304 239650
2
9331633 8083654 9470570
2
7612548 6139330 9194267
2
6295783 4796982 2175874
1
1855602 1579041
2
8020265 4787119 6853466
1
5420230 6542005
1
8814547 9987481
2
6572816 2369647 709987
1
6338737 9108029
2
9564876 2643744 6915399
1
5674903 1317191
1
4504130 4944778
1
3426564 3185823
1
1734043 3121220
1
4264810 2234670
1
5961078 7961806
2
4219074 6790483 1028950
1
5272728 4745577
1
2367364 995278
2
7760577 3785699 2982079
2
16339063 2909390 798934
1
3809291 2009493
1
7743146 7040552
2
16384129 5182568 1852867
1
8289017 7656074
1
6406736 9020104
2
13571154 3853009 2331753
1
6781680 8932294
1
1829926 1334606
1
2732769 764266
1
1257149 351377
2
9167871 6934372 2044240
1
5677424 9506100
2
13689566 4830929 1190247
2
11897137 6400040 4102510
2
13970653 4858584 5060954
2
13319616 7280256 4756683
1
3351702 738109
2
6208744 6329158 6606576
1
725322 1237880
1
1835683 1306654
2
12642314 9314494 8146896
1
9308163 4185440
2
6049562 6151592 2508373
1
2085169 2166356
1
813680 1020693
2
18891830 6622606 4229023
1
7704469 3449996
2
8560612 3210080 400534
2
4525488 4305667 4590561
1
3403922 6030648
2
11557349 3685855 524552
1
6895348 4782837
1
2808108 1724236
2
4690865 3142880 4659110
1
1065194 978562
2
3522755 729336 165017
2
5042511 1447490 1344599
2
11753780 1642511 3098023
1
1791885 1939704
2
5472531 3858428 2955197
1
3707807 4520553
2
8147657 6520788 5000573
2
6442407 8980225 2069508
1
5912553 1579013
1
9833676 8551256
1
9911906 6000405
2
12156106 1380072 957375
1
3166505 5690172
1
4834472 7739967
2
12561827 3617484 2304121
2
12385581 2428092 3619092
2
10163437 5575534 6191375
1
5891735 2109365
1
2884265 650975
2
1345453 1097835 1526113
2
11808590 3900753 851902
2
8829800 3651707 286623
1
1008635 1683806
1
2722225 4329860
1
2573795 3012593
1
4227241 6515647
1
2660163 1427698
1
1016112 511373
1
4520121 6872148
1
6041151 9797079
1
2156009 2354555
1
3255163 3496436
1
7079382 2820662
1
3803058 952361
2
10562057 6864809 2149831
1
6146275 7479763
2
7127181 1511965 1213595
1
5528648 7421841
